45674.3
158766
235005
281256
310368
326619
333417
336843
339092
341694
343101
344085
344832
345424
345904
346299
346629
346909
347151
347361
347545
347708
347853
347984
348103
348212
348312
348403
348487
348564
348635
348701
348763
348821
348876
348929
348980
349028
349074
349117
349158
349196
349232
349265
349296
349325
349352
349377
349399
349420
349439
349456
349472
349487
349500
349511
349469
348268
348086
348045
348030
348021
348014
348010
348007
348005
348004
348004
348004
348004
348004
348004
